0 0.6582382516941894 0.20772456645579412 0.12940224850589865 0.21769411272835382 0.6630886440512467 0.11450912768636341 2
0 0.6356049174597764 0.7809668546765368 0.14400662637345363 0.35505750229620947 0.6483562010206351 0.613991185180816 2
0 0.8134960585171649 0.022797421640814972 0.2186628754625387 0.0252389909464733 0.0 0.0 0
0 0.850084715037194 0.8285726121287953 0.2998305699256121 0.3428547757424094 0.926190993662519 0.6735089576811952 2
0 0.022842565597667744 0.33529154518950455 0.04568513119533549 0.6705830903790091 0.0 0.0 0
0 0.3012048662499942 0.31270600191245906 0.14862710161496023 0.20827768963381854 0.29221789987357455 0.23001740437853463 2
0 0.34512911371654176 0.8228119874868096 0.16919876695440322 0.33053029124944433 0.3250195587613182 0.6751623046475058 2
0 0.3678873736665516 0.0945510770023007 0.1422959839395901 0.1891021540046014 0.3812090060131673 0.0055895241226947 2
0 0.2756002018392304 0.5826099375200435 0.16454491548112873 0.3255327788491158 0.29582261698007795 0.43649459875409585 2
0 0.32054347633071684 0.296197207123586 0.12329320842913316 0.2612606050714289 0.313566517017403 0.19988383394465586 2
0 0.353948094787113 0.8450207075852796 0.13971601092898273 0.30995858482944083 0.3380908273282173 0.7207226976073764 2
0 0.3436883805018936 0.12719775815079634 0.12726345721641774 0.2510556461919487 0.34737990522028694 0.0280608235147299 2
0 0.30995210204835566 0.7388987778687595 0.13549114842335808 0.39765826026597095 0.3126765016289436 0.5619229373616436 2
0 0.762387705683389 0.16819351815910627 0.1121184264634183 0.259266474086276 0.7604054230878708 0.08037966513432332 2
0 0.7815897790832612 0.7040214301821344 0.11685127466221523 0.3924203972742011 0.7819983544469645 0.544351847892097 2
0 0.21924215923526713 0.10217594742683278 0.3678821739849729 0.20435189485366556 0.0 0.0 0
0 0.37878834867370814 0.8038207939004578 0.4489568535370201 0.3923584121990844 0.3230194138235053 0.6661590685616039 2
0 0.221994213525171 0.10183403254442894 0.12237761953462548 0.20366806508885787 0.22532745078351754 0.012058571599146401 2
0 0.19083841126230017 0.6072199942600784 0.12998206179527205 0.3406461868579794 0.19305363496080066 0.45627594338442645 2
0 0.5202407367854338 0.10585097766649154 0.3272174163765912 0.21170195533298308 0.0 0.0 0
0 0.7334797201930767 0.7609396543118185 0.40010355846277545 0.4556008757722777 0.666062958752365 0.591351045941767 2
0 0.31168628290050954 0.21541801522310666 0.15402684089942856 0.20296189550769703 0.3004573150972175 0.13532846106895918 2
0 0.36935509163553526 0.7096048808060857 0.17791922776107277 0.3214007878793027 0.34521173574536523 0.5666364255517816 2
0 0.6500463812447161 0.1262375474174281 0.11871157051781267 0.2524750948348562 0.6539452857558985 0.026629100581315814 2
0 0.63274202150821 0.7296045873395184 0.13137669193700352 0.40050919620438585 0.6434939580499315 0.5548873558154642 2
0 0.5443450892536261 0.90807728868643 0.16009005411005856 0.18384542262714 0.0 0.0 0
0 0.2770909434286794 0.6703076864044867 0.22420445820580448 0.3680262337586022 0.35158249550705406 0.7636631052679278 2
0 0.5953958269756354 0.8993541247446223 0.1507909242817852 0.20129175051075543 0.642849858922611 0.9658383060862623 2
0 0.3009630015737026 0.7464339606668016 0.22139340787909395 0.3295568993087322 0.3844946058078614 0.811244068241713 2
0 0.37835821632868016 0.10735868745369104 0.1432866366190832 0.21471737490738207 0.32921919383728226 0.06334074277049451 2
0 0.6824069281580546 0.21602583722447286 0.21617933099917463 0.30344250828731983 0.5954356451591484 0.1675820665290547 2
0 0.6685254794926729 0.8561488930777169 0.12313683551106747 0.2214187447428959 0.719312426861189 0.8598023028206147 2
0 0.35590806823301413 0.8466007215734379 0.1980534385418185 0.24022736865771088 0.44671525014690877 0.8604401963206504 2
0 0.8983908093111406 0.16230695854212876 0.20321838137771886 0.20965254909757808 0.9940148022149788 0.07211551104394366 2
0 0.5488637821301928 0.71606927457021 0.36889651723219474 0.3428439999858185 0.6668391576444731 0.5540115531306254 2
0 0.7610547077823155 0.52746901526545 0.16258325724980094 0.28878198386694076 0.7934577653066922 0.5970488582635205 2
0 0.5698450815444067 0.1424200804117122 0.21541079032666882 0.2848401608234244 0.6307678730384734 0.20820147628201427 2
0 0.27615698361074525 0.25618581381509764 0.1389651801657476 0.24904183631700222 0.2273289494313737 0.28128714857068815 2
0 0.574413326029306 0.1170101925419355 0.2126767036069675 0.234020385083871 0.48580819382613666 0.12734935418354695 2
0 0.4382847487242159 0.9055898677037988 0.15782229077572618 0.18882026459240253 0.3940544022991326 0.9963919887708629 2
0 0.7154553227583825 0.6947056114873283 0.22430535107623584 0.35732858676975376 0.6379987035045279 0.780112134140554 2
0 0.38134005679589816 0.8930708747172645 0.14633261006184006 0.21385825056547092 0.3993531076248142 0.9998527646645864 2
0 0.263764674663115 0.40030752518205276 0.17463425241665662 0.3871165125847441 0.29219056998296616 0.55425234787456 2
0 0.21565071044869816 0.8072056703443384 0.29425927974271915 0.28194200109356327 0.0 0.0 0
0 0.6416556448320312 0.3482318244439885 0.454342294256027 0.47550773950109515 0.5215462883642562 0.5011595440421769 2
0 0.24990406677766785 0.35833050769442343 0.15524986274174038 0.2771429297870523 0.20587105249291138 0.4034675424845821 2
0 0.517059968118741 0.1214135960644988 0.22360829504079743 0.2428271921289976 0.4361334021978325 0.14407886060739888 2
0 0.42953432002444086 0.09497976489736042 0.1562929770315623 0.18995952979472083 0.3841903978624543 0.009671918863818553 2
0 0.7116710782766293 0.2900555750871462 0.22396177525748284 0.35080330593088077 0.6323034812804897 0.2104053677746226 2
0 0.7533326123496563 0.38400844389749367 0.15774460285016212 0.2813713412858169 0.7961556690749578 0.43262924544434506 2
0 0.495610058720402 0.12389607474820954 0.22429400438397828 0.2477921494964191 0.574351609816612 0.15090722475747406 2
0 0.7162023964655645 0.23779704504670746 0.13460909922604158 0.24145839628336208 0.7657675304964957 0.2576803958557527 2
0 0.4136840707289281 0.11751266527819068 0.20889314921223656 0.23502533055638136 0.5033341945616963 0.12658096205862213 2
0 0.05435565702100113 0.6430234163814645 0.10871131404200227 0.5519843194656652 0.0 0.0 0
0 0.6960882367578207 0.8857614522090639 0.3768179570970659 0.22847709558187224 0.0 0.0 0
0 0.08705145301542311 0.6500488994488992 0.17410290603084622 0.4104594596111289 0.09522578008724869 0.690062083621327 2
0 0.5039474415568892 0.08914764441843324 0.1628698774678073 0.1782952888368665 0.0 0.0 0
0 0.7363667242752446 0.4053442269719618 0.21865705395177004 0.3902168587770483 0.6729385466150236 0.2889926142289277 2
0 0.31991967934345833 0.837769503393651 0.11694178462129068 0.21056666439694027 0.2691091369856341 0.8372611682525221 2
0 0.6323438373191943 0.8595164077798243 0.19180439730984822 0.22192368457311906 0.5412540166027154 0.8651736380890811 2
0 0.6864765625 0.17242592592592595 0.11593229166666663 0.20337037037037037 0.6845416666666666 0.08212962962962964 2
0 0.7056432291666667 0.7272268518518519 0.12066145833333342 0.33630555555555564 0.70628125 0.5652037037037037 2
0 0.26049041256385236 0.6884529023432188 0.14880302374162027 0.26608558446461306 0.21371443088104475 0.6531739554922167 2
0 0.5440703632442291 0.8806782229599072 0.22015163405084864 0.23864355408018567 0.4587895949029954 0.8653747528692514 2
0 0.6864765625 0.17242592592592595 0.11593229166666663 0.20337037037037037 0.6845416666666666 0.08212962962962964 2
0 0.7056432291666667 0.7272268518518519 0.12066145833333342 0.33630555555555564 0.70628125 0.5652037037037037 2
0 0.26109772668383363 0.30820885252383284 0.14851628718068177 0.26241984572053967 0.2447330504684907 0.22269071286537953 2
0 0.3518237435069208 0.822579903036378 0.17899305089999096 0.3548401939272441 0.3189950402644612 0.6889788348806833 2
0 0.6810938088014333 0.16390361973283515 0.11602021785863936 0.2089508342107968 0.7319003713339775 0.16514320281957534 2
0 0.3687789178514542 0.13766102393168744 0.19085554301197366 0.2192330830650883 0.45989151505294146 0.13331494240916006 2
0 0.7049479166666667 0.16249999999999998 0.12031250000000004 0.21944444444444441 0.7036458333333333 0.07222222222222222 2
0 0.7161458333333333 0.6930555555555555 0.14687499999999998 0.3990740740740741 0.7354166666666667 0.5083333333333333 2
0 0.6640625 0.14814814814814814 0.16666666666666674 0.2962962962962963 0.6182291666666667 0.017592592592592594 2
0 0.7408854166666666 0.7208333333333333 0.1411458333333333 0.336111111111111 0.728125 0.5666666666666667 2
0 0.6864765625 0.17242592592592595 0.11593229166666663 0.20337037037037037 0.6845416666666666 0.08212962962962964 2
0 0.7056432291666667 0.7272268518518519 0.12066145833333342 0.33630555555555564 0.70628125 0.5652037037037037 2
0 0.6195281429441977 0.14819672496348363 0.15616591249424894 0.24353704097955084 0.6108514563278595 0.04267887664591278 2
0 0.6805480404051352 0.7595781848132894 0.15951375648092425 0.3495666096617315 0.6718485952098668 0.5917142535301477 2
0 0.6667978864397321 0.11956218544763465 0.15125802176339276 0.2391243708952693 0.0 0.0 0
0 0.6726788504464285 0.7422600666075263 0.15382798549107146 0.3715465050617247 0.6766213030133928 0.5672397759124523 2
0 0.750523017002986 0.15960914323914727 0.14830758021428037 0.23338071715156986 0.7467801020695612 0.05702003622954746 2
0 0.7798485022324781 0.7825826680885171 0.15347840235783505 0.38060918843971103 0.7789127643291766 0.6027004026017099 2
0 0.45842457830020067 0.0736771152955895 0.16694427295854902 0.147354230591179 0.0 0.0 0
0 0.24096767563222574 0.42869129984199006 0.23368617582219925 0.43114475171783173 0.302869825099937 0.2887607914460394 2
0 0.29270608608539284 0.10592245480196173 0.16374397277832028 0.21184490960392346 0.0 0.0 0
0 0.3149077892303467 0.7905506562336044 0.20915343211247373 0.41889868753279125 0.2956879872542161 0.5946041079157922 2
0 0.3063952654009163 0.10282293991486323 0.12659170350677237 0.20564587982972646 0.0 0.0 0
0 0.29533208139219636 0.7642172514244763 0.1340762735426257 0.4308327213689128 0.29104508786296035 0.5628275023446349 2
0 0.3578832662944347 0.13226853250391787 0.16846194399445297 0.26453706500783575 0.0 0.0 0
0 0.2981926810258487 0.7700178947562375 0.14957499554924872 0.3421331441627359 0.30224885920217553 0.6095436800792887 2
0 0.7880409995278159 0.15889260535146674 0.16697111912673723 0.23872927497414978 0.7805562429298643 0.054794659334070545 2
0 0.8374503196711377 0.8072288662779565 0.18762514771533612 0.38554226744408704 0.8294964958639707 0.6270942239200368 2
0 0.20314355584403415 0.2732464475329645 0.2384379137407597 0.30613725066724407 0.14524890741101107 0.31462592906002546 2
0 0.5313585276708627 0.09952061165511877 0.2977243437452248 0.19904122331023755 0.43330446723620875 0.08406017873082225 2
0 0.3068346746415428 0.8875258729516007 0.1672558024472864 0.22494825409679875 0.24458222912785016 0.8854550543064025 2
0 0.6720486475416452 0.9067039824695122 0.2086343416216242 0.18659203506097555 0.5764353638415917 0.9255655725990855 2
0 0.7981473320582051 0.44390476002412677 0.1493853524610047 0.2730365708295036 0.8346396518068934 0.3430739817899816 2
0 0.5870450301167607 0.9352066578584559 0.17774297397255961 0.12958668428308828 0.6507805620821951 0.8944459443933823 2
0 0.4258699894533635 0.9550517241626191 0.13790506029885913 0.08989655167476185 0.0 0.0 0
0 0.14285273546118732 0.603799217723798 0.21778825147393568 0.3145055985287604 0.22774832589285715 0.7387646985543438 2
0 0.25146875090041326 0.27719533993993356 0.1820270630783226 0.26798240381181515 0.19870979140254544 0.3081917578493167 2
0 0.565584188768811 0.10734625698596548 0.23126275371073168 0.21469251397193095 0.4794408639439542 0.11308865273032517 2
0 0.736752156973144 0.1946308899808813 0.18417805724501224 0.3091196439884327 0.664263233429187 0.08197817979035554 2
0 0.6244951928040681 0.9231989750380083 0.13593377523256744 0.1536020499239833 0.6809706371855294 0.9904191895635635 2
0 0.2732341615736036 0.7823982672761165 0.2161872261489029 0.2661474338439671 0.37353996478556023 0.8453145543333452 2
0 0.23527988384818424 0.3562004153734882 0.12278175655657925 0.22938681156175666 0.19073154038589138 0.40494408553475747 2
0 0.5100952527747122 0.08816398739831555 0.1927864473624104 0.1763279747966311 0.425659677050858 0.1206077470571731 2
0 0.7389644106181787 0.8815844656010403 0.12259167156628703 0.2297629182513622 0.7911525039150595 0.8705385705713299 2
0 0.40975387236738625 0.9234794467818515 0.2061119189666914 0.1530411064362972 0.5091106638813525 0.962230235304039 2
0 0.23737287608132507 0.34741355892522785 0.118942572429617 0.21932223990840097 0.1925405675651673 0.39253765307322974 2
0 0.5263914905534913 0.0910085797189261 0.20226266012088862 0.1820171594378522 0.4352694466033258 0.1265295390480661 2
0 0.2986581644788773 0.22241521650314974 0.13583265837254185 0.2596895664094922 0.24043460872585998 0.2460037755941235 2
0 0.6285341073005709 0.09423957004261488 0.19183002763174017 0.18847914008522976 0.5388015682599947 0.08790572249618654 2
0 0.7427574749386716 0.23119825834144314 0.12630851075627858 0.20708976327205245 0.7482703625619088 0.1420896201105092 2
0 0.7139703295941335 0.8127292257584783 0.1449207410132326 0.36779420775116534 0.7289450246336721 0.6377824301787018 2
0 0.7588892706768798 0.7673932961816372 0.11867090999754382 0.2370997249277852 0.805678321666649 0.7288995752999647 2
0 0.4582603271570843 0.9417422340392909 0.20783576447900365 0.11651553192141806 0.5522356781293228 0.9577244093873338 2
0 0.20221961765800184 0.8146862833723747 0.14228668406355613 0.2715544999599485 0.19373450523051367 0.9240613177210163 2
0 0.24297153123606582 0.191427577814486 0.14111828446464675 0.3491042552685657 0.2264244553961287 0.353533420720145 2
0 0.6330070518908444 0.14040711720784504 0.15654991862973422 0.20465997968401228 0.6240050561120761 0.04907845270066034 2
0 0.6916803675740685 0.7752117629278273 0.1991499968979078 0.4495764741443453 0.6769671291568036 0.5651878720238095 2
0 0.24957992624694209 0.6244009289621062 0.13382568781393997 0.24219602020363673 0.21649512412694924 0.7111357239446607 2
0 0.4449868557541692 0.12927573600098594 0.16501400978966085 0.25855147200197187 0.3843977256676026 0.2362534620052347 2
