0 0.1189284069283143 0.044041638551846986 0.2378568138566286 0.08808327710369397 0.0 0.0 0
0 0.2029958327263593 0.7581508812672333 0.32835339267914543 0.4836982374655333 0.11375841233945089 0.56174650820936 2
0 0.44282230303100506 0.5878844954768102 0.8856446060620101 0.8242310090463795 0.3247471735202803 0.31653924563773883 2
0 0.9226712238682934 0.29072651990520393 0.15465755226341327 0.2598212386670268 0.9745376927465641 0.19815267424766836 2
0 0.8922371543744252 0.8342281821803988 0.21552569125114973 0.3315436356392023 0.9428499807420732 0.702671555197403 2
0 0.7681596946814324 0.22181769243368596 0.44736326202090204 0.4436353848673719 0.0 0.0 0
0 0.24937505886506578 0.29470905029134525 0.12728141953974084 0.22897505277417687 0.24602064404680693 0.20221316685237034 2
0 0.259453400623471 0.8410636225574437 0.13906562894348543 0.3178727548851126 0.2497193234374858 0.6996509450040836 2
0 0.759714096588874 0.12346830169502065 0.4805718068222521 0.2469366033900413 0.0 0.0 0
0 0.9039545410343371 0.7628770455937689 0.1920909179313257 0.1475402965771122 0.0 0.0 0
0 0.331479539897486 0.21094867691629415 0.11825608200823684 0.23531499880323603 0.329848957730194 0.11512602459358771 2
0 0.3314186604487631 0.8015168492028899 0.12720838614614077 0.3768439649879788 0.3249373228563639 0.630216679176855 2
0 0.42535172712250735 0.16934691349137024 0.13076672425086872 0.22702308038138092 0.437253761779074 0.0733026779074521 2
0 0.3425612282950806 0.7585226327983661 0.15073006992717142 0.3690326497148352 0.36050953351936266 0.5858534384747573 2
0 0.3083495727549709 0.4026938301923805 0.6166991455099418 0.805387660384761 0.0 0.0 0
0 0.41646070843803606 0.1004971163427875 0.14750625734683182 0.200994232685575 0.0 0.0 0
0 0.3284888282708701 0.6360384714272259 0.16872973030702504 0.3844419422135917 0.34702964926368624 0.47053456513571273 2
0 0.3893804851570723 0.08686464076068869 0.1287274810298662 0.17372928152137737 0.0 0.0 0
0 0.2997982955685128 0.5762716003729584 0.15031249244310887 0.3606430875051901 0.32001099144976697 0.4223372028316724 2
0 0.669462320822094 0.270650987700701 0.15701280218304847 0.183751480325317 0.6811148770426244 0.19089055423480034 2
0 0.6057785831537761 0.7604684701554314 0.18240563561518297 0.30143460161415725 0.6311552471868525 0.6172099021706374 2
0 0.2707440457205691 0.0919617914740619 0.16166169768366095 0.1839235829481238 0.0 0.0 0
0 0.15133429004482776 0.5998195084679128 0.19042126445949087 0.33801433285490046 0.17889292984987604 0.44636669799182765 2
0 0.18535215184612502 0.15865832083521986 0.37070430369225005 0.15804224820782692 0.0 0.0 0
0 0.37580191250768474 0.12299174063124943 0.13810731175457047 0.2168057561551721 0.3827305014012897 0.04099867583704403 2
0 0.32184615975942893 0.6239487952425091 0.15118407386379829 0.33935435161605143 0.33026250260626777 0.47582736474512277 2
0 0.4473514102583261 0.9071604066130503 0.1600266682355237 0.18567918677389927 0.0 0.0 0
0 0.25740289209574746 0.5146824604818249 0.20565344414962647 0.39877994705177017 0.3076994058749642 0.6498030053414643 2
0 0.7394693526583591 0.688151945997049 0.14898328042209164 0.2663963693102849 0.7859996578826222 0.651784855389047 2
0 0.4562500500694162 0.8810555888329616 0.22026916422136078 0.23788882233407682 0.541251351036864 0.865174594576588 2
0 0.7606707528515034 0.45450539034383086 0.1620969096574425 0.28777066791568595 0.7911542332248935 0.38219779719875624 2
0 0.5790269960316695 0.8543820314292371 0.21286133991564155 0.29123593714152585 0.6369175588816846 0.7817843402103773 2
0 0.23812021915386136 0.46968266524911717 0.1625430895771695 0.28918447350622056 0.2015152936890768 0.5323759086318515 2
0 0.45818272099437296 0.13340805593176266 0.22147916191383188 0.26681611186352533 0.3897639558650817 0.18187048139023662 2
0 0.7285172673355731 0.7257638819343515 0.142387677661156 0.2512357511305464 0.7407909306070989 0.8134202284857464 2
0 0.6631987744765813 0.1864781639220685 0.16701802697936108 0.372956327844137 0.6887825083625491 0.3377044556276484 2
0 0.45183766047881285 0.9073656643487839 0.15973038149590535 0.1852686713024323 0.0 0.0 0
0 0.7209627958476392 0.6741373429108459 0.2242917791629978 0.36621019811071276 0.6461570844292682 0.7667113943399958 2
0 0.7569607532643028 0.41299517438162436 0.16000878675195662 0.2851556457979198 0.7979524573113606 0.46637213949265854 2
0 0.5110524530269134 0.1267558162401267 0.22422735782507563 0.2535116324802534 0.5867061614983423 0.16007618575071594 2
0 0.4270444258556434 0.9037627055323183 0.15587978412872788 0.1924745889353634 0.38174706218258253 0.9875579285321807 2
0 0.7103671218262283 0.7115438665422291 0.2238316794375299 0.34910266664667455 0.6308534360222685 0.7907509105839549 2
0 0.4675261413621603 0.09066791478346638 0.1618731298431822 0.18133582956693275 0.0 0.0 0
0 0.25916967733121243 0.4521147012414263 0.211904461142485 0.39689066435227877 0.3147137567360025 0.3236422764232029 2
0 0.39979266399027924 0.8979187948783827 0.14973378312425684 0.20416241024323467 0.3522357974576661 0.9614910443217123 2
0 0.6959541191916747 0.7514883213741572 0.22074833989002918 0.3257284185295035 0.6120177806576064 0.814647560810474 2
0 0.3482995706678077 0.8791597239252609 0.131648932605606 0.23629599894636555 0.2979485452846733 0.8912913110554324 2
0 0.6593633664104144 0.8230031374099074 0.20620467200517356 0.26610503672551644 0.5696141499061668 0.8512558199756962 2
0 0.6684748037464356 0.8553630602156166 0.1258428557897825 0.22124851954554625 0.662453566337243 0.945057854437571 2
0 0.7159056922172625 0.3059497538948897 0.1373438139611458 0.3543978786886425 0.7087823867557028 0.4674903889137755 2
0 0.7319811854713899 0.28475461630850424 0.14443708471856564 0.2585392273442516 0.779891770998658 0.31483894328733353 2
0 0.44082112211997126 0.11791690031319807 0.21706031673184217 0.23583380062639614 0.5279229985978531 0.12990657886294965 2
0 0.2417358979200699 0.582175937061333 0.1602688040543935 0.28420932370373503 0.21466408386467453 0.658654567317443 2
0 0.40206329196974944 0.15215752667916824 0.20637943387764263 0.3043150533583365 0.3500943782658951 0.23807583430027704 2
0 0.31352343750000006 0.17242592592592595 0.11593229166666663 0.20337037037037037 0.31493750000000004 0.08212962962962964 2
0 0.29435677083333334 0.7272268518518519 0.12066145833333342 0.33630555555555564 0.29319791666666667 0.5652037037037037 2
0 0.9202490622293954 0.5971930939097698 0.1595018755412092 0.3481489081590814 0.0 0.0 0
0 0.45578353636107266 0.17110000195255784 0.5429446297007078 0.3422000039051157 0.6004377167550083 0.18586284997443736 2
0 0.32343193335326864 0.8444548454318895 0.12206340983726327 0.21442489767493966 0.32816440071693914 0.9344241193496732 2
0 0.28708742441181195 0.292376644539086 0.13090833081495523 0.34762142120186607 0.29147547776293775 0.45421586022139543 2
0 0.7075009298154209 0.21638622383217299 0.12919037324341154 0.2320035847758779 0.7576207625270192 0.23123842082234677 2
0 0.4009878429430416 0.11797190937079796 0.20390978609360189 0.23594381874159592 0.4914263822391477 0.1268191118238163 2
0 0.3980328785460112 0.10202982500246252 0.15086472840316528 0.20405965000492504 0.0 0.0 0
0 0.2609912781156577 0.5703070068212384 0.18382738091107734 0.3927721350280099 0.2947698665334903 0.4198090219400482 2
0 0.7383897184633732 0.6908325839796954 0.14852142979747118 0.2624292583121044 0.7547580951861959 0.7763484853283869 2
0 0.6476406841042566 0.1769486340906289 0.1790034589367342 0.3538972681812578 0.6804759283087626 0.31007052086962306 2
0 0.24177546840727854 0.5825654412553023 0.16024412330490378 0.2841622228242052 0.2147401987359577 0.6590849169595607 2
0 0.40187483874322083 0.15223400560588063 0.20630458230478177 0.30446801121176126 0.3499695295494386 0.23830186293808023 2
0 0.7595103531988517 0.4418865764926623 0.16160193618330543 0.28774788663485856 0.7985353736643059 0.4997351690809239 2
0 0.5262155936497698 0.13006165877487222 0.22326950034588328 0.26012331754974444 0.5985272643296287 0.17045681372990604 2
0 0.63203125 0.12453703703703704 0.13802083333333337 0.2490740740740741 0.6020833333333333 0.017592592592592594 2
0 0.68515625 0.750925925925926 0.1963541666666666 0.3222222222222223 0.6494791666666667 0.5953703703703703 2
0 0.7223958333333333 0.1486111111111111 0.16666666666666674 0.2527777777777778 0.7046875 0.046296296296296294 2
0 0.7013020833333333 0.7597222222222222 0.1796875 0.3046296296296297 0.7328125 0.6185185185185185 2
0 0.6864765625 0.17242592592592595 0.11593229166666663 0.20337037037037037 0.6845416666666666 0.08212962962962964 2
0 0.7056432291666667 0.7272268518518519 0.12066145833333342 0.33630555555555564 0.70628125 0.5652037037037037 2
0 0.6864765625 0.17242592592592595 0.11593229166666663 0.20337037037037037 0.6845416666666666 0.08212962962962964 2
0 0.7056432291666667 0.7272268518518519 0.12066145833333342 0.33630555555555564 0.70628125 0.5652037037037037 2
0 0.7723408312817814 0.08107265404292514 0.13973626586691712 0.1621453080858503 0.0 0.0 0
0 0.8170415418540339 0.7061936003821236 0.15498875500436404 0.4291228907448905 0.8106092813164086 0.5047977311270577 2
0 0.7313649104191706 0.13772154374556106 0.16080885667067313 0.18830397172407667 0.7112624339568309 0.05547984383322976 2
0 0.8755697592710836 0.7263785067471591 0.23375897529797685 0.413203125 0.8319273728590744 0.5290125621448863 2
0 0.5195429835713533 0.06939032218606796 0.1959715012823216 0.13878064437213591 0.0 0.0 0
0 0.25984850621344063 0.3840051717039524 0.3038606777695071 0.49857120552762224 0.3338309122378267 0.2463804349879869 2
0 0.661943475908368 0.15785395812988282 0.6761130481832641 0.31570791625976563 0.0 0.0 0
0 0.2285113468348423 0.14014037358278483 0.14639803994940562 0.25517538655010946 0.22346643381816073 0.03364990763581557 2
0 0.2483839021402771 0.7488772000880599 0.14862914502194716 0.3438652494279866 0.23678897566163584 0.5863398733855671 2
0 0.9445565876207853 0.05145127256325534 0.11088682475842937 0.10290254512651067 0.0 0.0 0
0 0.9984711094906455 0.8345355432010391 0.003057781018709016 0.33092891359792176 0.0 0.0 0
0 0.6929633049003 0.10185043366950013 0.13045662197866092 0.20370086733900025 0.0 0.0 0
0 0.7314273377452467 0.7470396989546482 0.14543630853054212 0.423224363187074 0.7258056508941814 0.5468799263176428 2
0 0.6921136765252976 0.1717977174783437 0.12179323226686511 0.22467827348869468 0.6905529203869047 0.07307570671587152 2
0 0.7080212143993883 0.773537172643886 0.12660170459242714 0.36209387170808593 0.7095922076512896 0.599486459492458 2
0 0.12240899310392492 0.5786212152904935 0.24481798620784984 0.3798710770077176 0.0 0.0 0
0 0.7079377735362333 0.19820332527160645 0.5841244529275333 0.3964066505432129 0.5097344903384938 0.2664268281724718 2
0 0.8205619202060125 0.487625671155525 0.16271732675294892 0.23182371890906134 0.8661102254925049 0.5600546634558475 2
0 0.5517927897242075 0.1021038546706691 0.2118481077341703 0.2042077093413382 0.6341075972210846 0.1639655286615545 2
0 0.7123692020489152 0.6444591266238748 0.4911926658290207 0.6632959144205197 0.6159865263920681 0.3396624426209595 2
0 0.5746480180332327 0.9276421785583204 0.13085567382264174 0.14471564288335925 0.6235988987489471 0.9910708433829699 2
0 0.2594940339762598 0.7672880763404093 0.19435752770125628 0.2413274485221416 0.3473725616095241 0.8348702332888903 2
0 0.8774921333646654 0.8911127640208067 0.22037609730403074 0.1575509598350685 0.9768771443248367 0.9134501175928701 2
0 0.27863161173259826 0.9462922075626288 0.3639493576944442 0.10741558487474234 0.4577128193783243 0.9980811546891111 2
0 0.38970860717622924 0.0520489747687704 0.1455630527030672 0.1040979495375408 0.0 0.0 0
0 0.7508124975917079 0.25140886441667654 0.22396575890104808 0.3118905616403274 0.6505956308762332 0.15909562302881017 2
0 0.13773003820000893 0.6788676414416245 0.27546007640001785 0.28428858644930144 0.12808970915965545 0.7605899524137463 2
0 0.2773145539808138 0.19221132017514148 0.39622705356347937 0.38442264035028295 0.2286430163261218 0.29127243718200563 2
0 0.3339192619100648 0.9142493321345403 0.14222706577234095 0.1715013357309194 0.0 0.0 0
0 0.2364117003323739 0.39444259496835565 0.16838096930966742 0.36405435708852923 0.25647898891515897 0.5589954669658955 2
0 0.4926372548585768 0.954994422454132 0.14277511618405553 0.09001115509173585 0.0 0.0 0
0 0.20614185340942998 0.615953274686257 0.19567799565218136 0.3518966349753417 0.28503119543397887 0.7484759741616199 2
0 0.8402605551568929 0.5482392402992238 0.13853834449384073 0.24536047126564714 0.0 0.0 0
0 0.5905649923242204 0.9170415180114679 0.1817043385648046 0.165916963977064 0.665048505669296 0.8795330863418237 2
0 0.6604281481960056 0.10482117128217 0.1473918180892302 0.20964234256434 0.6418451119801472 0.01569738918348591 2
0 0.7873432747521429 0.6665602299652826 0.17382668578500649 0.3744352319186973 0.7556155256339419 0.49379917713845484 2
0 0.5968512993692388 0.06584846942354299 0.1352574488276842 0.13169693884708597 0.0 0.0 0
0 0.7009492115427995 0.5799524687416799 0.17030421396839135 0.36754533699080033 0.6767595339422473 0.40259287807961197 2
0 0.5535752698184843 0.9332522690391862 0.14121371111254238 0.13349546192162753 0.0 0.0 0
0 0.2275051165286589 0.695912402910528 0.18900579816070326 0.2750600691583889 0.3109947342179977 0.7854737598004154 2
0 0.22130027825910709 0.5720961783029948 0.10586759969906848 0.20544180773772103 0.0 0.0 0
0 0.47980656477096395 0.1738792926837229 0.20302202794348095 0.33160454675443346 0.392352863000628 0.2924322136687743 2
0 0.7402721781904293 0.8552113171127758 0.13943347523965433 0.2516766293654584 0.8082085460568889 0.8376211355784465 2
0 0.3877969143653366 0.9147148591481264 0.21669426494505045 0.17057028170374722 0.48750358888197926 0.9393817541712153 2
0 0.27472159839622134 0.8805283622757337 0.17325437642886451 0.23894327544853255 0.2695294885881181 0.9835250667373169 2
0 0.29571545863741905 0.2099046144761913 0.20361257310303563 0.4182282497593628 0.2793913403509547 0.41095594228446963 2
0 0.6943709352061744 0.08662802198155208 0.1234492783444876 0.17325604396310415 0.0 0.0 0
0 0.7102102785873633 0.6886326562055209 0.14311068045660624 0.43322275138576993 0.7141929191628886 0.4889613163133383 2
0 0.8080665780879637 0.5039255340029306 0.13449854439207376 0.2377431850212584 0.8512745148220112 0.4444959838672817 2
0 0.5345797268969081 0.8661382788972144 0.20411243229249965 0.2677234422055712 0.6258221737952868 0.7986263949961814 2
