0 0.6584010993200922 0.1388965449919197 0.11414906573359829 0.21353875068692224 0.655850220664724 0.044554487890035924 2
0 0.6811456809280487 0.7186244470489185 0.11973164875466136 0.3524479525835522 0.6805616232259998 0.5493806975381665 2
0 0.3052337487313697 0.30609700690552916 0.13640724894150166 0.24352675530360524 0.2997340618980917 0.21690578652509454 2
0 0.3281153878971862 0.8350766063279305 0.1515952837714431 0.3298467873441391 0.3143986963339993 0.6994291741656427 2
0 0.6294269414722777 0.14597805872869202 0.12128872310224781 0.2651683813950043 0.6246873836715683 0.05920237639759949 2
0 0.6657634395399115 0.6749286403959607 0.13013075614957947 0.39731298988861724 0.661333539234821 0.5168403625804575 2
0 0.5620614779189127 0.09433177270490792 0.3388212010911246 0.18866354540981584 0.0 0.0 0
0 0.6322070038693618 0.7726096336306234 0.35234713109126986 0.32006867298574215 0.6313219140882353 0.637575147031335 2
0 0.6553759382616844 0.08053232661687094 0.12182429261835492 0.1610646532337419 0.0 0.0 0
0 0.720784891282573 0.5898984081615999 0.13761964066396903 0.35800896407848126 0.7072852221286813 0.43025689915680343 2
0 0.4703532456931103 0.10623473804206149 0.23064027209451715 0.21246947608412298 0.0 0.0 0
0 0.5010255274753849 0.7108973928710134 0.24177721039278305 0.44438859890953075 0.5043579711617894 0.5260784084599897 2
0 0.2141250265382833 0.09850733982060075 0.2554117712750491 0.1970146796412015 0.0 0.0 0
0 0.11691080451671657 0.7145112610541431 0.23382160903343313 0.39000105729854395 0.1063685453162285 0.5278653212179882 2
0 0.356687916308133 0.2594025060359917 0.11990992329511035 0.25511527861965183 0.36207696587264543 0.16701117736082255 2
0 0.31356039146550013 0.8176633748118571 0.13037429206559156 0.36467325037628573 0.31969715111662694 0.6672055340970212 2
0 0.4559130613534943 0.2394037307076871 0.12669560209029623 0.21846978831105876 0.46743542256938564 0.1551023109023251 2
0 0.37575424584380424 0.7548548022818302 0.14602447506774302 0.3442146437124345 0.39312671356219003 0.6027010646928208 2
0 0.37471387010971335 0.1683511006371818 0.10798515961611205 0.23255223215762516 0.37627459781320033 0.07958573073193305 2
0 0.3554153366690429 0.7108753213753634 0.1127358893617591 0.3650993068961047 0.35479100946450387 0.550586692485269 2
0 0.5955850974564979 0.22654251358336086 0.2767862667097855 0.2560215212721826 0.5918752628320232 0.11699554849724383 2
0 0.5861714592735369 0.8202201646287532 0.2965695767735581 0.3595596707424936 0.5724369715898942 0.665135438060711 2
0 0.24892115401440376 0.2864283508009898 0.11517673929152311 0.2502231271821924 0.2450424906901708 0.19436582282402978 2
0 0.2633892728853143 0.8313416906734538 0.1269731095713952 0.3373166186530925 0.2531267540626561 0.6922791993470422 2
0 0.3419750742700183 0.2439503024688955 0.11775749528790441 0.20677164633948458 0.3472947654771589 0.15537489303158272 2
0 0.29945922401416825 0.788854021833376 0.12807288177021495 0.33734419457718445 0.30553697202254454 0.6301573122535741 2
0 0.5973131585821403 0.22916807454860158 0.12066437207149638 0.22131928112931515 0.5895018803101327 0.14554301752143164 2
0 0.6520309813191572 0.7409842668214635 0.13390149350092428 0.34651022540057164 0.6418115023004718 0.5898050395003259 2
0 0.3270179305139599 0.3234944277855942 0.12325546226128697 0.2621933404947149 0.31815781399233917 0.23133738380507818 2
0 0.3723695123593701 0.8476150782815586 0.14220599583039434 0.30476984343688274 0.3532659814328048 0.7312345328266467 2
0 0.4688144341759143 0.9092832128375226 0.161987043920172 0.18143357432495488 0.0 0.0 0
0 0.2589419985854168 0.5503259292612214 0.21238106095816306 0.39662188163422946 0.3153629745246254 0.6775733388413668 2
0 0.24132783135565047 0.4210311709357121 0.1605624050289554 0.2860668396810631 0.20122372788157564 0.4765479035881194 2
0 0.48348676631544285 0.12733809342583308 0.22402876043017744 0.25467618685166615 0.4091261928750157 0.16310438228235768 2
0 0.30489790548315343 0.18772363307801251 0.1211264023616298 0.21789900948978808 0.25431295951107424 0.1965591109521096 2
0 0.6152678797617595 0.12052055541057419 0.1960514331904586 0.23424398261354307 0.5242549202806696 0.1290810895569387 2
0 0.4944091519500114 0.08915828576136135 0.16277391600460722 0.1783165715227227 0.0 0.0 0
0 0.7342826789752237 0.3901034903222766 0.22034364570242537 0.3869485551383799 0.6685156351599385 0.2779308986506547 2
0 0.6760528908652893 0.15159005959688635 0.12163726952113807 0.21630594287007304 0.6714193983945187 0.06150965643072347 2
0 0.7117760189272122 0.70425239408569 0.1303330532474526 0.3497688022468093 0.7075580753197026 0.5421580564128006 2
0 0.37435060907459317 0.10901742947738431 0.14394814654183524 0.21803485895476862 0.3903212715545947 0.005242654493857683 2
0 0.2661881351768933 0.6125226092296672 0.16999571090332372 0.38380922831160763 0.2913052664979894 0.45676034404704846 2
0 0.7162775872119134 0.7610803893530638 0.1347812520915176 0.2374211696872237 0.7241120902794468 0.8503314477572332 2
0 0.6784446915792695 0.2093182969173215 0.15301297600229202 0.36967235115944086 0.6961372327844082 0.3682724667679812 2
0 0.6864765625 0.17242592592592595 0.11593229166666663 0.20337037037037037 0.6845416666666666 0.08212962962962964 2
0 0.7056432291666667 0.7272268518518519 0.12066145833333342 0.33630555555555564 0.70628125 0.5652037037037037 2
0 0.7241752311482048 0.7391158804085216 0.13968948947225535 0.24632853361325424 0.7348084157582678 0.8274470795657228 2
0 0.6690238780366831 0.19198525145228562 0.16196169206236244 0.377483283798261 0.6916949431865085 0.34892894564433646 2
0 0.7299424211786414 0.2779264553617006 0.14316703654941676 0.25633821798048495 0.7781274770250334 0.3065918951211067 2
0 0.43692984886554975 0.11774894225554935 0.21608638041375006 0.2354978845110987 0.5244656299193263 0.12912535134697592 2
0 0.34505014964506253 0.124077979562696 0.13260244658178827 0.23347379953690922 0.35449888449812766 0.03532226803628712 2
0 0.276649159399242 0.6664598761917127 0.14912686205815037 0.3660605929670144 0.28995406631297527 0.5061593067926838 2
0 0.1669027858301636 0.34701059230098197 0.3338055716603272 0.6940211846019639 0.05641597733550241 0.6641273831240062 2
0 0.12138263665594856 0.5746061093247589 0.24276527331189712 0.5839389067524119 0.05261279139871389 0.29327974276527324 2
0 0.25686610096617285 0.6732226008115985 0.15106152934909375 0.2699739733960437 0.21082467423782722 0.635011542996118 2
0 0.5355885733008198 0.8799093379065623 0.2215524551707082 0.24018132418687532 0.4515044368075433 0.8625573857767014 2
0 0.2732084388993219 0.2649623750075645 0.14079483275099458 0.2522214892255813 0.22470183700558438 0.2919615931331523 2
0 0.5693353213507917 0.11709249119969342 0.21419400546867878 0.23418498239938684 0.48121970339948406 0.12798210658384576 2
0 0.5341704912443186 0.9086952757255452 0.1617135583172079 0.1826094485489096 0.0 0.0 0
0 0.7405285187914139 0.5433053073857325 0.21126676567204117 0.3972170869389651 0.6856036058568888 0.6726163184998637 2
0 0.7604462068384805 0.5485068560746152 0.16198078795373838 0.28834335847155 0.7984714126475204 0.48854483490030237 2
0 0.5314296106278436 0.8686624172779354 0.2227708776663116 0.2626751654441293 0.6022683505372687 0.8249805684469687 2
0 0.32807081486451367 0.8332816401877078 0.34323931078268477 0.33343671962458443 0.2655209343266325 0.928389644587956 2
0 0.7319825932605983 0.2993178605089497 0.44137218581701787 0.48345469581735667 0.6267328848005984 0.4651589655109112 2
0 0.5092408547866454 0.08956308872194552 0.16267504691649387 0.17912617744389103 0.0 0.0 0
0 0.2664706887874571 0.38472147074025737 0.22093738030071441 0.3854958180456919 0.3327977303068509 0.27358255371915974 2
0 0.7355408824284511 0.7016899946621633 0.14675163475173403 0.2591930907650225 0.7506656537126062 0.7879265894621327 2
0 0.6525235464766661 0.17981677914793998 0.175461772775671 0.35963355829587995 0.6831593229166716 0.318403917877962 2
0 0.5889713541666666 0.6677083333333332 0.6033072916666669 0.6645833333333335 0.5838281250000001 0.3526562499999999 2
0 0.31352343750000006 0.17242592592592595 0.11593229166666663 0.20337037037037037 0.31493750000000004 0.08212962962962964 2
0 0.29435677083333334 0.7272268518518519 0.12066145833333342 0.33630555555555564 0.29319791666666667 0.5652037037037037 2
0 0.7082707629780869 0.7808936101897904 0.12980457303015125 0.22840999707022602 0.7134637164483224 0.8707519012123873 2
0 0.6867537183675227 0.22636511285276062 0.144203000577784 0.3613114530279201 0.6997365801067482 0.3867491170841545 2
0 0.2386117269402886 0.4665308517475965 0.16246796461325472 0.2885349196302479 0.20663824019024132 0.3963257540758095 2
0 0.4271070066995073 0.8562651438301927 0.21471180726269884 0.2874697123396147 0.36692857156871633 0.7883100688739055 2
0 0.6567708333333333 0.1787037037037037 0.18645833333333328 0.2148148148148148 0.6744791666666666 0.08333333333333333 2
0 0.6359375 0.6972222222222222 0.14791666666666659 0.3574074074074074 0.6286458333333333 0.5259259259259259 2
0 0.6781250000000001 0.13148148148148148 0.13020833333333337 0.17592592592592593 0.6729166666666667 0.04537037037037037 2
0 0.7158854166666666 0.7101851851851851 0.14635416666666667 0.37777777777777777 0.725 0.5444444444444444 2
0 0.6864765625 0.17242592592592595 0.11593229166666663 0.20337037037037037 0.6845416666666666 0.08212962962962964 2
0 0.7056432291666667 0.7272268518518519 0.12066145833333342 0.33630555555555564 0.70628125 0.5652037037037037 2
0 0.6906447590080299 0.1296930406516259 0.1304488111829991 0.2182815376154706 0.6917273089070173 0.032861472343721304 2
0 0.6916971076594893 0.7314681782661758 0.14194273337339747 0.37244196339755764 0.6981673336913531 0.5533037176328355 2
0 0.6938972815987305 0.10891796493111536 0.13310147531736827 0.21783592986223071 0.0 0.0 0
0 0.7263863062415743 0.7697194640644295 0.13834113686151894 0.43162424399483723 0.7246541365525764 0.5700936176119992 2
0 0.6566459536230416 0.1088737075603458 0.126211734155524 0.2177474151206916 0.0 0.0 0
0 0.6813109494234535 0.7566766612512743 0.13434935929902747 0.4096865095008283 0.6801965549660657 0.5615738957178581 2
0 0.7747049268227724 0.4454264124750575 0.4505901463544554 0.890852824950115 0.0 0.0 0
0 0.4720383430680921 0.9321386250222867 0.927300582008977 0.13572274995542666 0.46451340952227194 0.8962598618630057 2
0 0.27009220050212523 0.14147012781768978 0.1350525102787613 0.23039220873639715 0.2662919936574217 0.04184225640737237 2
0 0.2821537512668052 0.742929245025095 0.14475671593844072 0.3589860657577665 0.27179690038955595 0.5714396118883533 2
0 0.5007310470977386 0.12525245361328124 0.2874753630006468 0.2505049072265625 0.0 0.0 0
0 0.4729862213134765 0.8035309326171876 0.28713191639293323 0.392938134765625 0.4684091047807173 0.61930810546875 2
0 0.925867067534348 0.1691603905115372 0.148265864931304 0.3383207810230744 0.0 0.0 0
0 0.9453595391635237 0.8988837462205153 0.10928092167295256 0.20223250755896938 0.0 0.0 0
0 0.44611195738886444 0.04590812212904215 0.13272175533670777 0.0918162442580843 0.0 0.0 0
0 0.7336510026958626 0.28417936897657026 0.18934838523327469 0.27175299642574235 0.6539770163952464 0.18607642778582412 2
0 0.2612384419584479 0.22204158705606533 0.11976345209604683 0.25734378484931547 0.21054430785608905 0.25688319577733126 2
0 0.5774587213737258 0.06801145588193912 0.20244981495607556 0.13602291176387823 0.4820933526166007 0.045069536760751566 2
0 0.6005913859823256 0.91343238332502 0.11461174682243813 0.17313523334996006 0.6480606414980927 0.9606632605378035 2
0 0.30411585255136375 0.7531879550628817 0.18109859827986957 0.2354829125480471 0.388019923007117 0.8152743566929996 2
0 0.43138294500310453 0.91566172444013 0.12522749467329541 0.1686765511197399 0.0 0.0 0
0 0.26946485723953373 0.40291600018383494 0.1457372840877194 0.35250328641488726 0.31000712752407117 0.5650604977550734 2
0 0.21694962252103367 0.2495371462465884 0.20882761793870194 0.304374480987335 0.15712354454627406 0.2851095113668356 2
0 0.5727769681490386 0.10068548620642127 0.27249308894230767 0.20137097241284255 0.47366815655048083 0.07580865777887262 2
0 0.28199997957305295 0.26674812756359184 0.13214520218044679 0.22616176587213765 0.22614060632794528 0.2935149253146394 2
0 0.615807470197716 0.10294014964045163 0.20286285417939554 0.20588029928090326 0.5195906004595853 0.12582799463028949 2
0 0.7747912118146023 0.2066483362962972 0.11435293064299634 0.22440434774449125 0.7843877297131308 0.1103857230374904 2
0 0.7256347800629169 0.8101479202212323 0.1299993438157938 0.37970415955753534 0.7475598726201319 0.6368493957287087 2
0 0.2529441404886489 0.7431812786538756 0.1373731833876724 0.21464552373000745 0.0 0.0 0
0 0.3832066796648277 0.16449538756878232 0.1560985151976399 0.32899077513756464 0.34049916953966725 0.30771762273119985 2
0 0.6246567599657944 0.07291064187941089 0.129814487983826 0.14582128375882178 0.0 0.0 0
0 0.7612433882386299 0.6363359301903876 0.15946693196112904 0.4080963195137337 0.7275063862233601 0.4466095684809092 2
0 0.7587582641431991 0.8199173296643439 0.13334923315859826 0.3255673454860235 0.0 0.0 0
0 0.40029519023138566 0.8578162651671299 0.2041701011930771 0.2843674696657402 0.4978516490607367 0.8702632276150424 2
0 0.7888265324743238 0.5020836810433058 0.13325425191386464 0.23729372776651603 0.8277794749823919 0.4360776451021954 2
0 0.5506143048747375 0.8832698823034106 0.18347446483010849 0.23346023539317862 0.6259927305503378 0.8125588784287395 2
0 0.20342079908552751 0.5730960319722416 0.14109965932660248 0.24157258966807255 0.0 0.0 0
0 0.4469857466233801 0.12783240734330936 0.18683398451068323 0.2556648146866187 0.3730520068944918 0.21297931354716845 2
0 0.6688691333621304 0.875572051591947 0.12486555956983947 0.23645104076071422 0.7227384387645254 0.8742168894506408 2
0 0.32004157959288526 0.8813289496850965 0.21770470622180774 0.2373421006298072 0.424459498177999 0.903387357101425 2
0 0.7106385678241048 0.08003093797943549 0.16088969058310099 0.16006187595887097 0.0 0.0 0
0 0.8586592580502114 0.5905811751946712 0.1671983389211551 0.3497105336712885 0.8274478194443985 0.4342404628770193 2
0 0.7467745373770172 0.14711127477280478 0.11949549984958951 0.22534273811424513 0.7460143973846262 0.0487483874964738 2
0 0.7634818918437677 0.7709992771282599 0.12668555185181907 0.39286071103936815 0.7658730114842864 0.5843161809647693 2
0 0.5059246072015477 0.06819630640261835 0.12214524792406944 0.1363926128052367 0.0 0.0 0
0 0.749028361778069 0.43213188003773517 0.17276511104700054 0.31912745822314026 0.6807647188974336 0.3032673756957027 2
