0 0.35385351047735814 0.06529677275087185 0.135205707735766 0.1305935455017437 0.0 0.0 0
0 0.2527616144667947 0.5609395275194689 0.15955138111199205 0.4167705385274096 0.2761954330224469 0.3913299202488869 2
0 0.7914121575016093 0.11317389407984749 0.41717568499678126 0.22634778815969497 0.0 0.0 0
0 0.5026615971804745 0.8346824720704773 0.4747652345250104 0.3306350558590454 0.5409773295439759 0.7024749758248182 2
0 0.6749318260883586 0.12787359682042163 0.12393579168874036 0.2122183176000935 0.6814029455770204 0.04170221242065645 2
0 0.64178876245482 0.6585133272478014 0.14035190728926128 0.3393864848212701 0.6571367096229543 0.5045598480511134 2
0 0.7270109083709868 0.20496663033503423 0.13764489907852473 0.222915959956767 0.7147178468802087 0.11027462685489821 2
0 0.8097150380560848 0.7861921817613722 0.15759622096638903 0.3629301655027143 0.7917073361143667 0.6159520491929824 2
0 0.2910174342523767 0.08463795312591511 0.24400610943140658 0.1663815067003838 0.0 0.0 0
0 0.3099480234865039 0.7417775844334251 0.27835929062778164 0.4522384585824186 0.2887372714427478 0.5343796982687969 2
0 0.10114914117321422 0.21998191556399171 0.20229828234642844 0.271944786568017 0.0 0.0 0
0 0.1930787175509748 0.8395485509683771 0.384184866805017 0.3209028980632458 0.1668155455157035 0.7207817071446545 2
0 0.32034500452147807 0.1863780635587285 0.14376734980197772 0.22185162055386298 0.3341361495947644 0.09741237734451781 2
0 0.22513457333622877 0.7311140585384751 0.1667172217205385 0.354055958880487 0.24618588968166716 0.5708120291358427 2
0 0.3196247141699442 0.10327665028707447 0.12643469986594552 0.20655330057414895 0.0 0.0 0
0 0.25693172377750895 0.6585369106117573 0.1415863141998816 0.41287583016939194 0.26882250211303993 0.4844136433251449 2
0 0.215493555749235 0.12128762597817495 0.127505177137222 0.22900935788101154 0.20796822825868233 0.025455059970657095 2
0 0.2520056041740669 0.711328611371051 0.14490550872643063 0.3704043351218189 0.2350719997183538 0.5398032042050436 2
0 0.6133059825407235 0.2927908309747755 0.12131410055311398 0.29143564841174385 0.6184756821199381 0.19448778147111132 2
0 0.5881778608508859 0.8413429847109475 0.13583374497691492 0.3173140305781049 0.6012011778499821 0.7275449979340037 2
0 0.20905222037564392 0.25564264807892034 0.15510564140454777 0.25530014351747987 0.19648269428469972 0.16391242201577566 2
0 0.2751284210069444 0.8140175225951436 0.1808606585349992 0.3719649548097128 0.2486398471644979 0.6607803946346804 2
0 0.613452961791905 0.22453199341111896 0.13061151232957657 0.18317709093611492 0.6176443585749103 0.1436900605388031 2
0 0.5950316170732451 0.721314945157064 0.1444153875977876 0.3022120066471623 0.6066924593023046 0.5762967654341857 2
0 0.2722113716928212 0.11896963217855712 0.11554375641242884 0.21088794243937484 0.27448316355794256 0.032708694845558446 2
0 0.24799026733714336 0.6475156009678784 0.12148119825774187 0.3388317516541982 0.24844654768351968 0.4922180110611245 2
0 0.2811358561348937 0.15980026925229962 0.11268578805313426 0.2612846133309559 0.28648267277259326 0.06157027154528376 2
0 0.23893036522193298 0.7598249823143884 0.12292058808122724 0.40818963110344875 0.24522505330101652 0.5823233947974168 2
0 0.6407819157408392 0.8852083491968921 0.13604510766128697 0.22958330160621598 0.6908615490221653 0.907850955377474 2
0 0.3315644515148272 0.8100979495958072 0.21016481575637577 0.27988771302793125 0.42056830072130474 0.8449741590820626 2
0 0.23977768421400814 0.5597328759696475 0.1614909613845553 0.28656784783471045 0.21064226897282184 0.6337760890502402 2
0 0.4129915800165551 0.14788836401656888 0.21042384974073808 0.29577672803313776 0.3574368847582435 0.2254259501521797 2
0 0.31226145875954875 0.8253055483842305 0.11639307532981424 0.20420058846675704 0.3139913319350937 0.9156149930488233 2
0 0.29435455709228214 0.27037161081982386 0.12142401684802459 0.3371686250512952 0.29334868735583847 0.4323888610577359 2
0 0.2455418750152838 0.6135122057308166 0.15789647893677553 0.27973254898685657 0.22149149040642832 0.6931184708819579 2
0 0.38703671763933667 0.15857637545307318 0.19983816828850048 0.31715275090614636 0.34033785514717024 0.25698319740088377 2
0 0.6356032481925581 0.7771140754344195 0.08438786401419751 0.4457718491311611 0.6469384565300798 0.775993902650386 2
0 0.6090429580496529 0.8954597462927416 0.14884312354845575 0.2090805074145169 0.0 0.0 0
0 0.7371057768740785 0.4153459997874529 0.17965597427288593 0.3903677107201537 0.7060281056190741 0.5676722008622087 2
0 0.31352343750000006 0.17242592592592595 0.11593229166666663 0.20337037037037037 0.31493750000000004 0.08212962962962964 2
0 0.29435677083333334 0.7272268518518519 0.12066145833333342 0.33630555555555564 0.29319791666666667 0.5652037037037037 2
0 0.728833138001737 0.2729638617370251 0.14227207174232037 0.25102531897146096 0.7405328784093324 0.185028472678488 2
0 0.6639611634196001 0.8130127650028458 0.1667990757631539 0.3739744699943085 0.6889152214882525 0.660878738974859 2
0 0.2876200865573799 0.22678993202985728 0.13203497301301664 0.23244629452244864 0.28126483803228997 0.1371679983526554 2
0 0.3163126127067317 0.780290788798854 0.14812239369195523 0.36510705653595776 0.3012562074767369 0.6204806649611656 2
0 0.6965672699773569 0.8073830715183505 0.12235925867566377 0.22005765558617207 0.747092298024816 0.797523411869569 2
0 0.3866482049762063 0.8808692951882218 0.19728224338082367 0.23790794442478547 0.4776003839850932 0.8704655662405869 2
0 0.7009460363296061 0.7972732397290468 0.125251436659936 0.22018022791305736 0.7038617223155186 0.887455680890119 2
0 0.6934716955886069 0.2415857857474258 0.13633017288839422 0.3533485195912452 0.702386211280155 0.4028451572910324 2
0 0.3884424714359863 0.8951935585293558 0.14842109689715904 0.20961288294128855 0.0 0.0 0
0 0.2621897861975777 0.41299478039594584 0.1788005267406419 0.38984004673381456 0.293212326574816 0.5653467876207324 2
0 0.2562058558991746 0.6702756938078425 0.15147300524901097 0.27068096836061317 0.21031199450682733 0.6315076443627233 2
0 0.5339562209606363 0.8797430476863713 0.22178921507969418 0.2405139046272573 0.45011378741022173 0.8619644934616089 2
0 0.7412576005306679 0.6790969959541263 0.1503028638836731 0.2656934047060855 0.758942156116142 0.7637806238946465 2
0 0.6423176055239669 0.17393877559570595 0.1826549469378338 0.3478775511914119 0.6774778288262283 0.30130919404904993 2
0 0.33392504386493743 0.7715118504867318 0.6678500877298749 0.45697629902653647 0.0 0.0 0
0 0.7584012606194585 0.5712365950511331 0.16094290783923304 0.2855027691161335 0.7869614706242042 0.6459478490403734 2
0 0.591420023901452 0.1502107518628141 0.20851405229526687 0.3004215037256282 0.6456650677875169 0.2315132785913014 2
0 0.49561687502023577 0.9100607062818096 0.16280449878965958 0.17987858743638074 0.0 0.0 0
0 0.7342865000509601 0.6058056657157139 0.22008635513934083 0.38752116079794297 0.6692582535693169 0.7193444277726615 2
0 0.5059450980565392 0.91003749602798 0.16286025938405035 0.17992500794403987 0.0 0.0 0
0 0.7364618510413945 0.589275319716773 0.21819243608216843 0.39094981399864576 0.6740034167350281 0.7072858338282296 2
0 0.8528936593713256 0.6663639441889473 0.2942126812573489 0.43948987242810345 0.0 0.0 0
0 0.2516910002836087 0.8792426670542753 0.2997484186429127 0.24151466589144932 0.30899916118155524 0.9244994528684927 2
0 0.31352343750000006 0.17242592592592595 0.11593229166666663 0.20337037037037037 0.31493750000000004 0.08212962962962964 2
0 0.29435677083333334 0.7272268518518519 0.12066145833333342 0.33630555555555564 0.29319791666666667 0.5652037037037037 2
0 0.31352343750000006 0.17242592592592595 0.11593229166666663 0.20337037037037037 0.31493750000000004 0.08212962962962964 2
0 0.29435677083333334 0.7272268518518519 0.12066145833333342 0.33630555555555564 0.29319791666666667 0.5652037037037037 2
0 0.6418445945945946 0.2286756756756757 0.3007972972972972 0.29681081081081084 0.6449117398648649 0.0968918918918919 2
0 0.5921148648648649 0.8964864864864864 0.3130675675675677 0.20702702702702713 0.5885063344594594 0.8019189189189189 2
0 0.31352343750000006 0.17242592592592595 0.11593229166666663 0.20337037037037037 0.31493750000000004 0.08212962962962964 2
0 0.29435677083333334 0.7272268518518519 0.12066145833333342 0.33630555555555564 0.29319791666666667 0.5652037037037037 2
0 0.7497426050523407 0.6375977312270733 0.15557184589507367 0.2754041796744281 0.7718619062289072 0.7189207079275827 2
0 0.6231393945322385 0.16400271429415972 0.19418297159975595 0.32800542858831944 0.6661106673406529 0.27225594295839073 2
0 0.7111979166666667 0.15462962962962964 0.15989583333333335 0.20555555555555557 0.7203125 0.07407407407407407 2
0 0.7385416666666667 0.7375 0.1333333333333333 0.3398148148148149 0.7369791666666666 0.5851851851851851 2
0 0.6713541666666667 0.15324074074074073 0.140625 0.18055555555555558 0.6661458333333333 0.07037037037037037 2
0 0.728125 0.7226851851851852 0.1552083333333334 0.35277777777777775 0.746875 0.5574074074074075 2
0 0.6864765625 0.17242592592592595 0.11593229166666663 0.20337037037037037 0.6845416666666666 0.08212962962962964 2
0 0.7056432291666667 0.7272268518518519 0.12066145833333342 0.33630555555555564 0.70628125 0.5652037037037037 2
0 0.7230990659435261 0.1876218972591724 0.15588573949724516 0.2670671963362534 0.7225455460141185 0.0703936394384862 2
0 0.7234843776902549 0.8285857131025025 0.15303366584882927 0.342828573794995 0.7281886917828857 0.668581087913739 2
0 0.7271184878498984 0.1483660572331126 0.12665417589948857 0.21772958522889668 0.7274544891220571 0.05453410078839558 2
0 0.7356135278539273 0.7404081316692073 0.13730686341700526 0.3687595274390244 0.7404334235084431 0.5644295445884147 2
0 0.6699501515043801 0.10765127702192827 0.18054655228538063 0.21530255404385654 0.6802453909492736 0.007619061253287576 2
0 0.6123811178584969 0.7421594966541636 0.22067295819863508 0.41515968785141444 0.6393440022474657 0.5424887917258523 2
0 0.6664718690502345 0.8986970054831027 0.17532743734439082 0.20260598903379468 0.0 0.0 0
0 0.7372037488672563 0.346372488830627 0.20443773856271963 0.41767834812077176 0.7235959840225908 0.5185552329979208 2
0 0.14309241554953836 0.17350822552296913 0.2861848310990767 0.34701645104593826 0.0 0.0 0
0 0.10880035898346445 0.9649225640620582 0.2176007179669289 0.07015487187588365 0.0 0.0 0
0 0.7264684630658609 0.09107915637562576 0.16464470938706932 0.18215831275125152 0.0 0.0 0
0 0.8330332710143717 0.6786432655112258 0.2138962000519905 0.40047524461468453 0.8046029284109477 0.4874366538038531 2
0 0.27143275757865193 0.1488961368473663 0.12506041759986294 0.22041699239963808 0.2759607839343117 0.055044827655386895 2
0 0.2299848688392575 0.7807508087915839 0.14496997234994205 0.4145387802957423 0.2360931447947407 0.581634551789815 2
0 0.27982541987516263 0.12003626746927352 0.13780108501754182 0.23064694226106855 0.2736143027387714 0.01801789227653952 2
0 0.30316962401519415 0.7756699832365475 0.16142442109682753 0.4260946508397392 0.2872668573812078 0.5735415535177139 2
0 0.27601951354101784 0.14561329240808235 0.12076204454119949 0.22403119392729318 0.27739344667622684 0.05017620261247109 2
0 0.2556149555599175 0.7379933387882638 0.12634671064442313 0.36546740211553674 0.2544405779833282 0.5649263108949002 2
0 0.5877889500986231 0.07618552045859837 0.16920936173207168 0.15237104091719675 0.0 0.0 0
0 0.29180357610956403 0.2653406467362355 0.24170217314700215 0.3774068176510777 0.37416370421221806 0.17704898095413632 2
0 0.5456732977596943 0.02743047010452352 0.13142727742446636 0.05486094020904704 0.0 0.0 0
0 0.7462329791900318 0.48182111117929055 0.1890881088779568 0.4287306678486379 0.6873253578074021 0.30146347290691844 2
0 0.634000100449498 0.10495796957819817 0.1377944190903465 0.20991593915639634 0.0 0.0 0
0 0.6707048909236626 0.7511403285253804 0.14242201197658833 0.39679742628528214 0.6673602785083195 0.560455862118724 2
0 0.2448773415146547 0.39037148533231136 0.11482414200922292 0.20534072853092178 0.20281164046251163 0.44023453030967263 2
0 0.5000205953489782 0.09810419034598955 0.1728911789001059 0.1962083806919791 0.4223076619401812 0.1528560731150675 2
0 0.48626416148230056 0.9352661677229156 0.14917165310755515 0.1294676645541688 0.0 0.0 0
0 0.17019117374915133 0.7191817224084799 0.22779808435802654 0.2912735575136274 0.25653011711088375 0.8079641018915696 2
0 0.6624515973211293 0.0862029945915514 0.1700309855688672 0.1724059891831028 0.0 0.0 0
0 0.7410217448789377 0.651034078962816 0.20126802582523462 0.4492787512273737 0.7241531003895777 0.4689356402621243 2
0 0.6312095637985812 0.05905471057426639 0.14789406056683707 0.11810942114853278 0.0 0.0 0
0 0.8512691438294278 0.5598441668254573 0.230162162431919 0.3861235232469513 0.7820054044513178 0.3776580363948171 2
0 0.758421922070751 0.13810320695696188 0.1514968589102026 0.24450827522113316 0.7670966342199066 0.024881967940638204 2
0 0.7146829798679963 0.7697732592725504 0.16178552550064906 0.38127318440583025 0.733225091081404 0.5920706243771586 2
0 0.19578431659367834 0.6827500718445643 0.1408391482307111 0.22872653517944364 0.16760963868478562 0.7657674411605023 2
0 0.3655981090166276 0.16260363361913302 0.17940112199979835 0.32520726723826604 0.3062619203961591 0.29406201868675613 2
0 0.6786240107084647 0.9400970412232642 0.13912896626834537 0.11980591755347159 0.0 0.0 0
0 0.3037297470758831 0.8613067393116195 0.22238611864278304 0.277386521376761 0.4072323914931879 0.9196155998273317 2
0 0.8091285653101725 0.3324771729221182 0.1320883787521978 0.2336308507639342 0.829119353499176 0.2371808576550056 2
0 0.6974129279181647 0.8738719077289316 0.15380274497786595 0.2522561845421367 0.7386407471940897 0.7662617220910305 2
0 0.7990277673134303 0.32694018278957837 0.14747214707396317 0.24208472663773356 0.8266293557818142 0.23901507803514987 2
0 0.639171984631772 0.8421052561415702 0.16701895938923317 0.31578948771685966 0.6895044895234475 0.712004648368532 2
0 0.2617530196267669 0.15719277261392844 0.14451311811330603 0.2838541828692076 0.20102729743100542 0.17187694974903853 2
0 0.6002633585663835 0.10820973228007641 0.1892191663415922 0.21641946456015282 0.5100099132764353 0.08609025006709949 2
0 0.1938631265344825 0.13611940139657785 0.11293811256104655 0.23271133732568858 0.0 0.0 0
0 0.8250778317564178 0.13550740555714336 0.1985637553813132 0.2710148111142867 0.0 0.0 0
0 0.6374375482788447 0.17012220294163702 0.16912158810224254 0.2676284081825225 0.6205487338800695 0.05575464144034728 2
0 0.7471833485975428 0.8262254739109474 0.2038695638599023 0.34754905217810517 0.7206578093777752 0.6719485898561116 2
0 0.6013196512352741 0.09244808437496606 0.13407962536315776 0.18489616874993212 0.0 0.0 0
0 0.6782193582780051 0.7054520038292423 0.1465036037823102 0.4069551729904475 0.6614427394413163 0.5134585739084837 2
