0 0.25665194284851417 0.22717375500404063 0.2641735733669721 0.22347940591167315 0.0 0.0 0
0 0.29218925949678226 0.7702157659590358 0.29360925681181305 0.366421440414186 0.2667193845675807 0.6122022596881318 2
0 0.9465810886691095 0.2612934500071691 0.10683782266178099 0.4815972373116653 0.0 0.0 0
0 0.47412241886458445 0.11246682272176295 0.24957938496809418 0.2249336454435259 0.0 0.0 0
0 0.36706349114947684 0.6988744001462732 0.2754955921800465 0.43498421739611715 0.3844039412728675 0.515748748500492 2
0 0.7537118233808124 0.28013411323519144 0.14700238828701617 0.2203660933162735 0.7612547950284281 0.1918414617536212 2
0 0.715232649323614 0.8240272308732535 0.1662975118061194 0.3507140167659125 0.7332094994659898 0.6663915971679439 2
0 0.40252751753698823 0.0905758645215343 0.14001716276293724 0.1811517290430686 0.0 0.0 0
0 0.3174888409673052 0.5750910960568983 0.16052976566138066 0.3659805549493651 0.33557095374717805 0.42233922355516945 2
0 0.10312322347004962 0.2019222447816189 0.20624644694009925 0.24935593643153875 0.0 0.0 0
0 0.276145928439117 0.8158446922562652 0.3782021462813879 0.3683106154874697 0.1620960364964557 0.6894810993623498 2
0 0.2996312078254981 0.3900987000707244 0.581476180102237 0.6651731826226924 0.269795037930546 0.126960871024411 2
0 0.3141913045925966 0.25744509407818056 0.14667235446755325 0.25541508885172803 0.29792811862401797 0.17173745277979405 2
0 0.40443583946759387 0.7898496146687304 0.1769073394583452 0.38305951033030994 0.37183936919942173 0.6381050949312653 2
0 0.6558375480572152 0.39086882788718447 0.6883249038855697 0.7817376557743689 0.0 0.0 0
0 0.6645784518247697 0.28612105101379787 0.1514404933621386 0.2230976872934124 0.6805887618093655 0.20057957680182928 2
0 0.5731886818936651 0.8136926999270094 0.18227954170025706 0.34954577879147886 0.6058589571301828 0.661322506432347 2
0 0.3198764573291738 0.102719216505228 0.1404760027809066 0.205438433010456 0.0 0.0 0
0 0.3586147567057206 0.6718981108946974 0.1593312372878367 0.36624237255661485 0.3403631263829723 0.5033992414262538 2
0 0.6152527283570206 0.31854647894789295 0.11904970144853588 0.2519071655148284 0.622476675403504 0.2354513812747389 2
0 0.577085894799598 0.8228298460849811 0.13615952346848903 0.3543403078300378 0.5935598056688214 0.6866093894440952 2
0 0.4155947019187114 0.08148545329981263 0.11137587644169039 0.16297090659962526 0.0 0.0 0
0 0.39999605857855935 0.5909899319073888 0.11651538811850576 0.3660592854253403 0.3981174355396397 0.4301253166388992 2
0 0.2662097549828012 0.26137952744778814 0.12237270808037734 0.22737343408767147 0.2595345803262735 0.17205885494395845 2
0 0.2977813228057153 0.812620972691133 0.13833745107224218 0.35948749469529173 0.28247303470346874 0.653207357946245 2
0 0.6864765625 0.17242592592592595 0.11593229166666663 0.20337037037037037 0.6845416666666666 0.08212962962962964 2
0 0.7056432291666667 0.7272268518518519 0.12066145833333342 0.33630555555555564 0.70628125 0.5652037037037037 2
0 0.25026592177540824 0.3563228124626221 0.15502555330000045 0.27676083702567456 0.20611850718643712 0.40110527851191224 2
0 0.5181538863049447 0.12126117148996829 0.22352204513063878 0.24252234297993658 0.4370385134060915 0.14357098597417348 2
0 0.2607644465871467 0.6911546266247228 0.1484198743170847 0.2622433904066491 0.2449575311028878 0.77703580593729 2
0 0.3510595615119191 0.17695568017730237 0.1787980556421323 0.35391136035460474 0.31884179974354476 0.3105580813137597 2
0 0.25068738939056634 0.35402286800015065 0.15476428115654814 0.27631546150473985 0.20640982902316185 0.3983973862384072 2
0 0.5194085430236076 0.12108952461527851 0.2234174506922968 0.24217904923055703 0.4380785847883547 0.14299724271177647 2
0 0.4686732401599427 0.13490921335613987 0.2234988492381435 0.22666194595130018 0.41303381440450326 0.04500165062057472 2
0 0.8169392767767536 0.6858594272942038 0.30706672085410436 0.3605472524639254 0.7207193611610503 0.5237080964779813 2
0 0.3409960584807513 0.8696093397710312 0.1282494576311785 0.23035978119244616 0.29043892921227427 0.8786340191364377 2
0 0.6529671272267128 0.8326356613653543 0.20301790435166522 0.2556554814234525 0.5627214262143281 0.8553463973086782 2
0 0.31428803540695116 0.8280181119607651 0.11529952603170374 0.20768695858564423 0.2635089891969653 0.8247977120293728 2
0 0.6262040179729276 0.8664325797870751 0.19011028499520788 0.2171343551012418 0.5350597192712321 0.8672248357832524 2
0 0.48436454878429647 0.089729484461554 0.16269710482651117 0.179458968923108 0.0 0.0 0
0 0.2613934765221302 0.4246047671074309 0.21622453624130317 0.3934859047611062 0.32148681062311774 0.3027747963810683 2
0 0.27433193242514564 0.7362142416421491 0.1401801129311603 0.25115360858014335 0.22558054938589459 0.7107544014220358 2
0 0.5711991002270508 0.8820320489258417 0.21368948909896845 0.2359359021483166 0.4827793925014802 0.8713272485425465 2
0 0.7439849304349382 0.6670322305331704 0.15199677491827945 0.26880469916218186 0.7629932954402866 0.7508045269240647 2
0 0.6367978799943085 0.1709388700670927 0.18622415854842167 0.3418777401341854 0.6742935251868334 0.29255941398668595 2
0 0.6845569449127933 0.16992823539102614 0.11490469835695405 0.2069944589060988 0.7353418998787582 0.17283930219936217 2
0 0.3725687552389366 0.13341399031935566 0.18970081957705925 0.2159865504121515 0.46371099195867804 0.13206654485998137 2
0 0.3213307183886794 0.1580510697865731 0.11776740380477668 0.21201395355557434 0.2705040725847689 0.1588245583788145 2
0 0.6338359543262078 0.14036514475182718 0.19265044224477024 0.224340887432622 0.5427564602437778 0.13444974588869268 2
0 0.4489946107180096 0.9070311115968435 0.1593686793872795 0.18593777680631296 0.0 0.0 0
0 0.7198632293206364 0.678475639901619 0.22434657509698785 0.3644391755871474 0.6444862669890038 0.7695734441817399 2
0 0.7455303296000206 0.33934592136410413 0.15287973106980024 0.2730940699567985 0.7908819623645305 0.38008079579211496 2
0 0.47134271362054336 0.12043449496441691 0.22254792963515047 0.24086898992883382 0.5542937444043197 0.13935521196145345 2
0 0.28952980716950905 0.22215639734419812 0.13084795515433312 0.2302977507390702 0.28379724851668425 0.13240184374831865 2
0 0.31437743402393803 0.7762446634449982 0.1460309635933913 0.36309629482742567 0.30043166726336457 0.616116345774942 2
0 0.31352343750000006 0.17242592592592595 0.11593229166666663 0.20337037037037037 0.31493750000000004 0.08212962962962964 2
0 0.29435677083333334 0.7272268518518519 0.12066145833333342 0.33630555555555564 0.29319791666666667 0.5652037037037037 2
0 0.2421508988900598 0.5861709961771396 0.16000998363910265 0.2837161317402804 0.21545510677007135 0.6630662438576811 2
0 0.40013234691816457 0.15294585787791193 0.20560407612449133 0.30589171575582386 0.34881805555427 0.2404047707550597 2
0 0.24016399614285716 0.5599021484714509 0.1614798533582881 0.2875533994360607 0.20094830369925276 0.5024625242297469 2
0 0.474678803428906 0.8698049494147408 0.2233965913817686 0.2603901011705184 0.4020421142005922 0.8296442986210916 2
0 0.3001208971628154 0.8006321016719531 0.12412013780978359 0.22313949001700684 0.24964882619073442 0.7902107708677683 2
0 0.6093140146519707 0.8808172269968867 0.19902284842402096 0.23836554600622661 0.5184253817919566 0.8710657119250005 2
0 0.5858917054171706 0.9011678865908539 0.15446401414743272 0.19766422681829232 0.0 0.0 0
0 0.7405370198047565 0.4559168293858322 0.19164109052353973 0.3964054675375171 0.7014404415634352 0.6022889441608058 2
0 0.31352343750000006 0.17242592592592595 0.11593229166666663 0.20337037037037037 0.31493750000000004 0.08212962962962964 2
0 0.29435677083333334 0.7272268518518519 0.12066145833333342 0.33630555555555564 0.29319791666666667 0.5652037037037037 2
0 0.30775457230694436 0.815932581374722 0.11936719967181791 0.21481749098653147 0.2570736942031554 0.8094634314495455 2
0 0.6186901183163422 0.8742907748964097 0.19427866106378733 0.22904335367949036 0.527588887888876 0.8692475232709322 2
0 0.7541666666666667 0.16527777777777777 0.10729166666666667 0.19351851851851848 0.7520833333333333 0.08518518518518518 2
0 0.7354166666666666 0.7532407407407408 0.11979166666666663 0.38611111111111107 0.7229166666666667 0.5740740740740741 2
0 0.6901041666666667 0.13564814814814816 0.18229166666666663 0.26944444444444443 0.6557291666666667 0.001851851851851852 2
0 0.6776041666666667 0.7925925925925926 0.13020833333333326 0.32592592592592595 0.678125 0.6527777777777778 2
0 0.6864765625 0.17242592592592595 0.11593229166666663 0.20337037037037037 0.6845416666666666 0.08212962962962964 2
0 0.7056432291666667 0.7272268518518519 0.12066145833333342 0.33630555555555564 0.70628125 0.5652037037037037 2
0 0.6864765625 0.17242592592592595 0.11593229166666663 0.20337037037037037 0.6845416666666666 0.08212962962962964 2
0 0.7056432291666667 0.7272268518518519 0.12066145833333342 0.33630555555555564 0.70628125 0.5652037037037037 2
0 0.7240412485717135 0.173482933546876 0.14756040744704002 0.2678005098692673 0.7230031904064494 0.06313087440189256 2
0 0.7334150512482769 0.7950745865687531 0.14274752146963876 0.3522539225755128 0.7366064849871227 0.6313110475240628 2
0 0.758795027214102 0.13058833365744735 0.1447970736737476 0.22692735347341986 0.7527250865521282 0.031608356313502534 2
0 0.8040944423570029 0.7706811133851397 0.1642996630349186 0.4099834036319814 0.7970363098782268 0.5750284397855718 2
0 0.2182773532451166 0.7196810780935298 0.16799274395482122 0.2776054697334467 0.16825351811149097 0.6921194332003714 2
0 0.5171737457429089 0.8837506466161569 0.2608077311288997 0.23249870676768625 0.4207403335613983 0.8829665937932717 2
0 0.6385455759237875 0.10140303570908986 0.1432230114661518 0.20280607141817972 0.0 0.0 0
0 0.6557485214832472 0.7346987306960691 0.1613120063623159 0.424926360004219 0.658580542161338 0.5308635576699255 2
0 0.6832962369294145 0.10299285312868514 0.1478476711756278 0.20598570625737028 0.6897413761855213 0.0074713234631520395 2
0 0.6513271415077443 0.7324942246922908 0.18237011505526746 0.4229451305461379 0.6702137243279204 0.5299240400206368 2
0 0.21578177869793258 0.14585888122986695 0.160782074738947 0.2516509574018643 0.21622958733821396 0.0364797588340744 2
0 0.20766110149329947 0.7674244668536291 0.15849327502195323 0.35027959972679734 0.20325847944983202 0.5997881382882954 2
0 0.26931392546622984 0.08599719608592056 0.15700250441028227 0.17199439217184112 0.0 0.0 0
0 0.2043795874810988 0.700116604921748 0.17930191532258066 0.4126975409775359 0.21599869266633068 0.5046692555800548 2
0 0.23771406795006406 0.1497122951488399 0.14523683865140943 0.24761210685998353 0.23616966299695685 0.0417552698796718 2
0 0.23858040394706986 0.7673770770355685 0.14627626110589584 0.35910761080794606 0.2318698996020341 0.5977142180629711 2
0 0.6106529305493478 0.9099133227975894 0.18192262005240034 0.18017335440482118 0.0 0.0 0
0 0.7684994103773586 0.429501679498206 0.22596871671485086 0.4396762430786375 0.7302989065828516 0.5929085521053368 2
0 0.7473304818529602 0.14857761210495743 0.1713735597942948 0.1975021729455531 0.807822341219001 0.1528172130419499 2
0 0.380907574924854 0.0910151961678146 0.21478969678966275 0.1820303923356292 0.4779094381069919 0.09008056963717742 2
0 0.8287384475486865 0.1467515599478879 0.27335975634686993 0.21792524775570887 0.8107506695192985 0.050978894792437356 2
0 0.8916661850688153 0.7920549861118078 0.21666762986236932 0.4158900277763845 0.9239316193953803 0.5919146346433587 2
0 0.491761776153665 0.05708946707259908 0.7099391479573893 0.11417893414519815 0.0 0.0 0
0 0.7970031808115525 0.45077035259326215 0.14364777658842254 0.24758614728188494 0.8334461622434568 0.3626585885719927 2
0 0.5907992225489845 0.9061291092569221 0.16811526230870988 0.18774178148615583 0.6523709155329305 0.836147100412692 2
0 0.7436100483196624 0.628859839360108 0.19958404360825954 0.4915906675071444 0.7866959216066156 0.5353999556951455 2
0 0.4929500626929012 0.917935767819366 0.23672493542002154 0.16412846436126782 0.0 0.0 0
0 0.4195452464873586 0.05717369806198846 0.14524326705484358 0.11434739612397692 0.0 0.0 0
0 0.7489488469447709 0.30653618222191215 0.21509377180339306 0.2780598667689732 0.6565366715858182 0.20901189894903272 2
0 0.3697068367583966 0.916587518459773 0.14580374184607092 0.16682496308045391 0.0 0.0 0
0 0.217232994931727 0.41480206450818946 0.1548318482260393 0.3393847018652598 0.251668550058639 0.5691334085770174 2
0 0.37954185228655 0.910376372767759 0.14762757132539928 0.1792472544644821 0.0 0.0 0
0 0.2182595016036784 0.3273109243786628 0.1923101020455832 0.42929144561155447 0.26421523180346385 0.5212092303316666 2
0 0.720240513376308 0.8321462433652386 0.13387323512976756 0.28031765154359256 0.7774288959100325 0.832475819581458 2
0 0.3769427288043411 0.8382457108327064 0.2007660629490095 0.2998949262041347 0.47419492237778144 0.8475014307072433 2
0 0.7654438545488773 0.8283249605822409 0.13991437817026686 0.24286320058357236 0.8205962924387549 0.7976726655352094 2
0 0.44262677977380704 0.9570665833429803 0.19490959814276715 0.08586683331403933 0.5334062056241274 0.9955541229992401 2
0 0.8050301304832016 0.3732060538721612 0.13896748362104283 0.25657626432535663 0.83034298727132 0.2722535512586041 2
0 0.6782204002451042 0.8907782888646172 0.1472020520420071 0.21844342227076563 0.7196474534060313 0.8023762411945465 2
0 0.22675334319042714 0.43740215685074135 0.12804411594198123 0.23572238605455637 0.18597322631502802 0.5014320601783334 2
0 0.48356095215550554 0.08704670410762 0.20361360825398694 0.17409340821524 0.4019012602498247 0.1335151501997081 2
0 0.25899491340750724 0.32258328327656316 0.11923780591448246 0.22323049056336305 0.21111151226504576 0.3593031258343459 2
0 0.5564487880481518 0.10372463173451281 0.19431026461126866 0.20744926346902562 0.4666127447978269 0.13988121271671575 2
0 0.760207616857905 0.8371658110085224 0.11938168778479741 0.23828590945528316 0.0 0.0 0
0 0.4195235851653583 0.9236624569910545 0.21195434071207353 0.15267508601789104 0.5197518397552371 0.9451965730029247 2
0 0.6139280749646567 0.0766491459229294 0.142292373873948 0.1532982918458588 0.0 0.0 0
0 0.6740859110439407 0.7731500639798917 0.17619793293414654 0.45369987204021656 0.6590437470204826 0.5610565607149973 2
0 0.606087190940907 0.10337073426031636 0.17499154807877715 0.20674146852063272 0.0 0.0 0
0 0.7444932440255451 0.6985790458361516 0.1909926360534735 0.38206507954840585 0.7132611904382298 0.5219839996820664 2
