0 0.6867265625 0.14913888888888888 0.11543229166666658 0.20438888888888887 0.7217708333333334 0.05413888888888889 2
0 0.7031953125 0.7196388888888889 0.12555729166666674 0.3420185185185185 0.7118229166666666 0.5605648148148148 2
0 0.7041788041952499 0.15345365798073637 0.11979077308340957 0.20417237070737643 0.7410385199271168 0.0664536216283321 2
0 0.71231073298892 0.6961210358528516 0.13208636317946632 0.33563544583485927 0.7234123687261766 0.5459849408907341 2
0 0.6867265625 0.14913888888888888 0.11543229166666658 0.20438888888888887 0.7217708333333334 0.05413888888888889 2
0 0.7031953125 0.7196388888888889 0.12555729166666674 0.3420185185185185 0.7118229166666666 0.5605648148148148 2
0 0.31327343750000003 0.14913888888888888 0.11543229166666658 0.20438888888888887 0.27770833333333333 0.05413888888888889 2
0 0.2968046875 0.7196388888888889 0.12555729166666674 0.3420185185185185 0.28765625 0.5605648148148148 2
0 0.33140060710596925 0.09443635837873843 0.10774849038886503 0.18887271675747686 0.0 0.0 0
0 0.31234379489046943 0.6676974023545688 0.11801419616989395 0.368790351544237 0.3049972176656966 0.5014022254376778 2
